key_frame_0 0.4412211112495825 -0.32625226967791576 0.047999620278313955
key_frame_3 -2.587533958642225 -0.3456205571240781 -0.11854249925005589
key_frame_6 -5.609638450003594 0.16416562303674523 -0.33794704188570673
key_frame_9 -8.521510281042385 1.4489841890318689 -0.6092434232124968
key_frame_17 -15.554335511431713 5.795417434633544 -0.3106598648258938
key_frame_26 -24.934315606656646 6.640450443519339 -0.05441553771764798
key_frame_31 -30.161821615414063 6.811855392791626 0.0277571860174054
key_frame_47 -46.68586978220756 6.697698225820881 0.045736563361686904
key_frame_65 -65.21773191791002 5.9230942824032295 0.25743534854374256
key_frame_73 -71.9269108615384 1.2391028093574876 0.7223759996599179
key_frame_75 -73.487453249291 -0.1107029405356209 0.5166766029647727
key_frame_77 -75.12542887920391 -0.9843370306450219 0.11060401892751578
key_frame_84 -80.91524326465259 1.5824573453911197 -0.5517385538608149
key_frame_90 -86.55067975525466 3.7272916862301653 -0.07486159599029248
key_frame_106 -102.63576602848308 5.898200493300847 -0.17195141146008397
key_frame_120 -117.27791772861856 6.656205149511765 0.00035112767321526296
key_frame_124 -121.57535282682191 6.754153020530607 -0.0032342272689337742
key_frame_133 -131.22022285213038 6.713518670291287 0.026035107551395233
key_frame_139 -137.6272574112269 6.6280400101796095 0.07122811523671917
key_frame_142 -140.74050199779612 6.2859206929679265 0.2585372136316723
key_frame_152 -146.09216917674036 2.139858471744964 2.0137467054817333
key_frame_303 -6.923199696517787 -5.204842850414319 1.686830128953722
key_frame_307 -6.421456817166879 -9.31574053854677 1.620106639249672
key_frame_308 -6.363620030626817 -10.344913999760529 1.564704554897078
key_frame_310 -6.431192125302774 -12.345277512441923 1.4587210622376168
key_frame_348 -6.48358440933793 -51.333982811401896 1.56524040747352
key_frame_358 -6.424964212393873 -61.53271891673237 1.5782211910140287
key_frame_372 -6.314234502342509 -76.0588931406027 1.593653216798987
key_frame_379 -6.126245391067281 -83.37777766457025 1.5765627558948374
key_frame_380 -6.138022345978979 -84.45545222054189 1.5653674512872084
key_frame_422 -9.681143231176229 -124.72961114053403 1.7214022825573012
key_frame_418 -8.489878742788024 -122.84564697522961 0.8969665480272371
key_frame_430 -7.266219231912684 -131.44619613958722 1.5781442405152797
key_frame_433 -7.1836540801208475 -134.5175965206197 1.6416127824860978
key_frame_444 -6.678210623996966 -145.00138179784207 2.1630773804184167
key_frame_393 -6.700651976083387 -97.94263089107754 1.5142617192989916
key_frame_387 -6.138217924044135 -91.67312630013888 1.5212080011997684
